# oST version 5.0 parameters


[image]

width
640

height
480

[narrow_stereo]

camera matrix
1110.579612 0.000000 112.015279
0.000000 991.002433 268.280693
0.000000 0.000000 1.000000

distortion
0.596130 -0.363857 0.008498 -0.176227 0.000000

rectification
1.000000 0.000000 0.000000
0.000000 1.000000 0.000000
0.000000 0.000000 1.000000

projection
1008.829224 0.000000 83.517208 0.000000
0.000000 1053.995850 268.338222 0.000000
0.000000 0.000000 1.000000 0.000000
